res1letter	pdb_id	resname	Structurally_corrected_score	intrinsic_score	chain	overall_id	ok	exposure_weight	solvent_exposure	SASA	contacts
M	1	MET	1.0896231257068172	1.1020433245512973	A	0	True	0.9464479538393917	0.5705463746116655	154.07784568496027	85;88;89;92;
K	2	LYS	0.8939342311535573	0.8009758333103598	A	1	True	1.0	0.8851887757362693	217.58223368005736	89;
H	3	HIS	0.04715325305640553	-0.03945119675829267	A	2	True	0.20448053222795853	0.16246429272537719	34.4669621659815	50;51;52;53;89;92;
D	4	ASP	-0.16329184078143413	-0.5722698489704436	A	3	True	0.6161655775703272	0.3888910676636799	65.00664197959307	27;28;29;49;50;51;52;53;54;62;
H	5	HIS	-0.22052011852243966	-0.8390804524528197	A	4	True	0.6097183549973658	0.38534509524855115	81.75134730207537	20;21;27;28;29;31;32;48;49;50;51;52;
F	6	PHE	-0.5519525563160339	-1.1979410053567134	A	5	True	0.472211129861241	0.3097161214236825	71.16629163622449	20;27;28;29;30;31;32;33;35;47;48;49;50;51;
V	7	VAL	-0.48003318447653415	-1.079412951483837	A	6	True	0.5609784841640655	0.35853816629023594	63.98443432562247	19;28;29;32;35;46;47;48;49;50;
V	8	VAL	-0.27745347317406105	-1.3534462072360838	A	7	True	0.20393704204769592	0.16216537312623275	28.939902755808998	18;19;20;28;29;31;32;33;34;35;36;37;38;39;46;47;48;49;
Q	9	GLN	-0.10770409431809518	-0.8310304642785546	A	8	True	0.21390649481504634	0.16764857214827547	34.93590035826318	18;32;35;36;38;39;40;42;43;44;45;46;47;48;49;
S	10	SER	0.2938416482458642	0.1752580757429495	A	9	True	0.9346011589684038	0.564030637432622	76.44228264835087	13;14;17;39;43;44;45;46;47;48;97;
P	11	PRO	0.2021997795153797	0.9151508529833076	A	10	True	0.2027345890306932	0.16150402396688124	26.699699888583233	14;15;16;39;42;43;44;45;46;47;
D	12	ASP	1.5362618861485662	1.3868829035069796	A	11	True	1.0	0.963811322206095	161.10973680864862	43;44;46;
K	13	LYS	1.381529591138779	1.3868829035069807	A	12	True	1.0	0.6149956532960551	151.1678995662609	44;45;46;
P	14	PRO	1.4350443141938956	1.3456569456617125	A	13	True	1.0	0.7391906382810993	122.20233104905688	9;44;45;46;97;98;99;
A	15	ALA	0.15701491852279897	0.8215769472558577	A	14	True	0.16717137830865994	0.14194425806976296	18.390809074847542	9;10;43;44;45;46;47;96;97;98;99;103;
Q	16	GLN	0.17042199872329772	0.05046402332149328	A	15	True	0.8764094756851261	0.5320252116268193	110.86751019292613	10;42;43;44;45;46;97;98;99;100;103;104;228;
Q	17	GLN	0.01131450858371367	-0.7448742219977249	A	16	True	0.17656383686422392	0.14711011027532314	30.655937527020953	10;42;43;44;45;46;47;94;97;98;99;100;101;102;103;104;105;228;230;
L	18	LEU	-0.0	-1.294592148643547	A	17	True	0.0	0.0	0.0	9;42;44;45;46;47;48;90;93;94;97;98;99;100;101;102;103;104;105;106;127;
L	19	LEU	-0.0	-1.8336690201746262	A	18	True	0.0	0.025349361119089694	5.270200619933769	7;8;35;38;39;42;45;46;47;48;49;93;94;103;104;105;106;107;127;129;130;
L	20	LEU	-0.0	-1.9143151937987513	A	19	True	0.0	0.0	0.0	6;7;32;35;46;47;48;49;50;89;90;93;94;104;105;106;107;108;116;130;
L	21	LEU	-0.0	-1.8159406499763986	A	20	True	0.0	0.0	0.0	4;5;7;28;31;32;34;35;47;48;49;50;51;105;106;107;108;109;112;113;116;131;
F	22	PHE	-0.0	-2.024817564166274	A	21	True	0.0	0.0	0.0	4;26;27;28;31;32;48;49;50;51;52;63;64;106;107;108;109;110;111;112;113;114;115;116;132;
H	23	HIS	-0.0	-1.5541220758914174	A	22	True	0.0	0.0003864676412797238	0.08198949656513468	26;27;28;29;30;31;32;34;49;50;51;52;62;63;64;107;108;109;110;111;112;113;115;
G	24	GLY	-0.0	-0.7179854209136535	A	23	True	0.0	0.035480127900071566	3.551990112344755	27;28;31;51;52;61;62;63;64;108;109;110;111;112;113;114;115;133;134;135;
V	25	VAL	0.0023089084481533514	-0.14919554892987485	A	24	True	0.5400005187134896	0.3470002852924193	61.925393313056915	52;55;56;61;62;63;64;65;66;67;109;110;111;112;
G	26	GLY	0.6286753465695163	0.6779826601711946	A	25	True	0.5287427017411287	0.34080848595762075	34.119053227037924	52;55;56;57;58;59;60;61;62;63;64;111;
D	27	ASP	-0.07152159176101885	0.17074281995990695	A	26	True	0.3851335462432561	0.2618234504337908	43.76614615106203	21;22;30;31;51;52;55;56;59;60;61;62;63;111;
N	28	ASN	0.04031012867487142	-0.017528485305230095	A	27	True	0.447711004946545	0.2962410527205997	52.51672510314975	3;4;5;21;22;23;31;32;49;50;51;52;55;56;60;61;62;63;
P	29	PRO	-0.0	0.2830944583197126	A	28	True	0.0	0.02454481873982845	4.057727343731574	3;4;5;6;7;20;21;22;23;32;33;35;48;49;50;51;52;61;62;
V	30	VAL	-0.22438396315981984	0.268355745949876	A	29	True	0.737944234869386	0.45586932917816225	81.3540757896715	3;4;5;6;7;22;33;34;35;48;49;50;51;
A	31	ALA	0.10127477369820627	0.31529019238086786	A	30	True	0.5399619491365542	0.34697907202510475	44.95585769623187	5;22;26;34;35;49;
M	32	MET	-0.0	-0.3355676363964206	A	31	True	0.0	0.02145485450568473	4.63296128195756	4;5;7;20;21;22;23;26;27;35;36;48;49;50;51;108;109;
G	33	GLY	-0.0	-0.42945264186301974	A	32	True	0.0	0.00021699813874850898	0.021724139366204605	4;5;6;7;8;19;20;21;22;27;28;36;37;47;48;49;50;
E	34	GLU	0.2705297231881084	0.32381476332863063	A	33	True	0.8383152809253125	0.5110734045089218	100.31328340764937	5;7;28;29;37;38;49;
I	35	ILE	-0.007511758289965163	-0.1832155307521989	A	34	True	0.24669349597552537	0.18568142278653896	37.8297303988464	7;20;22;29;30;38;39;49;107;109;192;193;197;
G	36	GLY	-0.0	-0.5417703362239742	A	35	True	0.0	0.0	0.0	5;6;7;8;18;19;20;28;29;30;31;39;40;47;48;49;107;
N	37	ASN	-0.28706400045396596	-0.7668264950508081	A	36	True	0.6383472120974263	0.4010909666535844	71.10420329544748	7;8;31;32;40;41;47;
W	38	TRP	-0.4407724742530421	-1.1043907304908385	A	37	True	0.6701443912001392	0.4185794151600765	112.88492444097736	7;32;33;41;42;194;197;198;200;201;
F	39	PHE	-0.0	-0.9873957410225879	A	38	True	0.0	0.0	0.0	7;8;18;33;34;42;43;45;47;197;200;201;204;
A	40	ALA	-0.11955265964886622	-1.713257661109241	A	39	True	0.12216021215706481	0.11718811668638564	15.183314275108195	7;8;9;10;18;34;35;43;44;45;46;47;
P	41	PRO	-0.8681520348609804	-1.6940584961759364	A	40	True	1.0	0.6226764753895786	102.94031450257728	8;35;36;44;45;
L	42	LEU	0.11049569868300409	-0.6112695889352041	A	41	True	0.4197906949704789	0.28088488223376334	58.396725405581435	36;37;45;201;204;205;230;231;
F	43	PHE	0.00031810460709646705	-0.047793336422126236	A	42	True	0.0006627198122054454	0.050364495896713	11.572708539100406	8;10;15;16;17;18;37;38;46;47;201;204;205;230;231;
P	44	PRO	0.4896591258866737	-0.29826300017623175	A	43	True	0.8602423877829837	0.5231333132806409	86.48392853157361	8;9;10;11;14;15;16;38;39;47;231;
D	45	ASP	0.18971545592189354	-1.0650322529145269	A	44	True	0.5167528830901081	0.3342140856995594	55.86689235145265	8;9;10;11;12;13;14;15;16;17;39;40;
A	46	ALA	0.0	-1.2862946396840969	A	45	True	0.0	0.0	0.0	8;9;10;12;13;14;15;16;17;18;38;39;40;41;97;99;103;104;
L	47	LEU	0.02600156088937969	-0.6121316976394625	A	46	True	0.06381142758272425	0.08509628517049833	17.691747446916565	6;7;8;9;10;11;12;13;14;15;16;17;18;19;39;42;93;94;96;97;99;104;
V	48	VAL	-0.0	-1.410236196004388	A	47	True	0.0	0.0	0.0	5;6;7;8;9;10;14;16;17;18;19;20;32;35;36;38;39;42;43;97;105;
V	49	VAL	-0.0	-1.786824288029023	A	48	True	0.0	0.0	0.0	4;5;6;7;8;9;17;18;19;20;21;28;29;31;32;35;93;
S	50	SER	-0.0	-1.5973144355059152	A	49	True	0.0	0.0	0.0	3;4;5;6;7;8;18;19;20;21;22;27;28;29;30;31;32;33;34;35;107;108;
V	51	VAL	-0.0	-1.3327253330109552	A	50	True	0.0	0.003402398429375376	0.6071893017875861	2;3;4;5;6;19;20;21;22;27;28;29;31;32;86;89;90;93;112;
G	52	GLY	0.0021124182028683185	-0.23384145276769508	A	51	True	0.019024953381580764	0.06046372435986942	6.053150419487683	2;3;4;5;20;21;22;23;26;27;28;29;31;55;61;62;63;64;112;
G	53	GLY	0.0	0.5642630455972295	A	52	True	0.0	0.005168635120252398	0.51744291602222	2;3;4;21;22;23;24;25;26;27;28;56;61;62;63;64;65;82;86;111;112;
A	54	ALA	0.36193241027960926	0.574171423660985	A	53	True	0.6058915653150737	0.3832403609232905	49.65400082652084	2;3;62;63;64;65;82;85;86;
E	55	GLU	0.6474809044020123	1.2495327654486206	A	54	True	0.5249014449378843	0.3386957947158363	66.47907510850645	3;61;62;63;64;65;66;
P	56	PRO	1.4956832398190263	1.332888436787704	A	55	True	1.0	0.6160954223214878	101.85234073230828	24;25;26;27;51;59;60;61;62;63;64;65;66;
S	57	SER	0.5500569896931761	1.4089383617395428	A	56	True	0.375164380502828	0.2563404092765554	34.74145679267857	24;25;26;27;52;60;61;62;63;64;65;66;67;68;
G	58	GLY	1.014174963924564	1.3652176435332195	A	57	True	0.7832479774729901	0.4807863876101445	48.13253491506555	25;61;62;63;66;
N	59	ASN	0.9572863905948837	0.9196489638857346	A	58	True	1.0	0.8729562145627315	154.75505884903734	25;62;
P	60	PRO	1.1388001248805502	1.2709954818432034	A	59	True	1.0	0.6723575101989535	111.1535384643318	25;26;55;
A	61	ALA	1.3930169372403218	1.2635818641405006	A	60	True	1.0	0.7724736435982157	100.08446616970178	25;26;27;55;56;
G	62	GLY	0.15625318882108255	0.5781886428582895	A	61	True	0.13422263744470145	0.1238224505945858	12.396125556170233	23;24;25;26;27;28;51;52;54;55;56;57;
R	63	ARG	0.34763156934943784	-0.23102894856744605	A	62	True	0.3199296018062605	0.2259612809934433	61.69032201560674	3;22;23;24;25;26;27;28;51;52;53;54;55;56;57;58;66;
Q	64	GLN	0.018978060484439285	-0.36422745949636903	A	63	True	0.03428698192997588	0.06885784006148674	14.349126917381078	21;22;23;24;25;26;27;51;52;53;54;55;56;57;67;111;112;
W	65	TRP	-0.0	-0.8557762661475554	A	64	True	0.0	0.034697314443671946	9.357373003593223	21;22;23;24;25;51;52;53;54;55;56;78;79;82;83;85;86;111;112;114;115;
F	66	PHE	-0.0	-0.9800364476614719	A	65	True	0.0	0.0364326374304393	8.371458639392655	24;52;53;54;55;56;70;75;78;79;80;81;82;83;111;112;115;
S	67	SER	-0.2287885928574518	-1.4116439512478751	A	66	True	0.4415010974564158	0.29282560360102866	39.68624410020237	24;54;55;56;57;62;70;75;78;79;
V	68	VAL	-0.5550597601692341	-1.924492283070052	A	67	True	0.5662531826046837	0.36143925043257596	64.50215948079716	24;56;63;71;75;78;111;
Q	69	GLN	-0.8933847224642493	-1.4556215197999458	A	68	True	1.0	0.746621619208023	155.58676199703572	56;
G	70	GLY	0.028005514934242012	-0.28419092006580876	A	69	True	0.9550771536367612	0.5752924345002186	57.59373373192933	74;75;
I	71	ILE	0.08571208468318985	0.15858715291908607	A	70	True	0.2830278186461589	0.2056653002553874	41.90113768141125	65;66;74;75;76;78;
T	72	THR	0.7030766889708923	0.9419512564793984	A	71	True	0.6906597696914792	0.42986287333031353	70.00772546829886	67;75;76;
E	73	GLU	1.2984918700638919	1.3691338814766847	A	72	True	0.8413025354504574	0.5127163944977515	100.63576882546087	76;77;138;139;
D	74	ASP	1.5269074739360806	1.232488227383072	A	73	True	1.0	0.8451291223710382	141.27093896642037	77;78;138;139;
N	75	ASN	0.572142187543545	1.5900445025416738	A	74	True	0.36127580217822186	0.248701691198022	44.08908971051174	69;70;78;79;138;
R	76	ARG	0.2578308558062863	2.1642331928394025	A	75	True	0.11385916461401227	0.11262254053770675	30.74739513531283	65;66;67;69;70;71;79;80;137;138;139;
Q	77	GLN	0.41140041839081615	1.186479234425561	A	76	True	0.27480572879365645	0.20114315083651105	41.91575857357361	70;71;72;80;81;118;137;138;139;
A	78	ALA	1.261539053029344	1.2030757676823527	A	77	True	0.8301020378234089	0.5065561208028748	65.63123461325536	72;73;81;82;83;138;
R	79	ARG	0.30727485912193436	0.8923106977262946	A	78	True	0.3257985847574742	0.22918922161661076	62.571591123371434	64;65;66;67;70;73;74;82;83;138;
V	80	VAL	0.0	-0.10816136528208	A	79	True	0.0	0.0017284506945042656	0.30845792818067563	64;65;66;74;75;83;84;86;111;114;115;118;119;137;138;
D	81	ASP	0.26750358596691504	-0.41350722545890584	A	80	True	0.7374697137277108	0.45560834255024085	76.15903493235571	65;75;76;84;85;86;115;118;119;122;138;
A	82	ALA	0.9265672724103279	-0.10051108800372575	A	81	True	1.0	0.653453630072732	84.66380474529143	65;76;77;85;86;
I	83	ILE	0.033274714741660355	-0.7025670916057702	A	82	True	0.16812992113971034	0.1424714566268407	29.02636522728674	52;53;64;65;77;78;86;87;115;
M	84	MET	0.0	-0.7554209096949328	A	83	True	0.0	0.04768681295810196	10.297490390172538	64;65;77;78;79;87;88;89;115;116;118;119;122;123;
P	85	PRO	-0.645555263169777	-1.6907174736261859	A	84	True	0.8057747953831012	0.49317613746070554	81.53143518648012	79;80;88;89;119;122;123;
T	86	THR	0.010329235306742984	-1.0846209472920818	A	85	True	0.4407133621854714	0.29239234920200924	47.619193426448746	0;53;64;80;81;89;90;91;
F	87	PHE	0.0	-0.7690636994439103	A	86	True	0.0	0.009322481241634793	2.142111349469725	50;52;53;64;79;80;81;82;90;91;92;115;116;118;119;
I	88	ILE	0.012300380952589948	-1.0793473116810162	A	87	True	0.07290340865874047	0.09009687476230725	18.355850740948764	82;83;91;92;115;116;119;120;122;123;126;
E	89	GLU	0.32163961559290855	-0.840956303650369	A	88	True	0.6710048923868723	0.41905269081277974	82.25149453165608	0;83;84;92;93;94;
T	90	THR	0.0	-1.1782647118216143	A	89	True	0.0	0.0237953337136029	3.8753223257975966	0;1;2;19;50;83;84;85;93;94;95;
V	91	VAL	0.0	-1.1298693105661675	A	90	True	0.0	0.0	0.0	17;19;50;85;86;94;95;96;101;104;105;106;116;119;126;127;
R	92	ARG	0.40238306684696207	-0.592621597761991	A	91	True	0.716165126733585	0.4438908197034717	121.18787558154	85;86;87;95;96;97;99;100;101;126;127;
Y	93	TYR	0.3675397940826517	-0.5673989439247124	A	92	True	0.519470216672912	0.3357086191701016	82.61557478828972	0;2;86;87;88;96;97;98;
W	94	TRP	0.018156450864786625	-0.3490525565652242	A	93	True	0.032023941004247145	0.06761316755233593	18.234311181885754	17;18;19;46;48;50;88;89;97;98;99;100;104;
Q	95	GLN	0.046600115172503745	0.27547679026097116	A	94	True	0.10898726735098796	0.10994299704304338	22.91076828490661	16;17;18;19;46;88;89;90;98;99;100;101;103;104;126;127;
K	96	LYS	0.516546807419477	-0.14523149745530128	A	95	True	1.0	0.6947248620291477	170.76559420632302	89;90;91;99;100;
Q	97	GLN	0.565813188830602	-0.26341789546306504	A	96	True	0.8197059336766892	0.500838263522179	104.36853380738077	14;46;90;91;92;
S	98	SER	0.10532206046918789	0.41503946117451546	A	97	True	0.15983238427016816	0.13790781134859248	18.69045260113885	9;13;14;15;16;17;45;46;47;91;92;93;
G	99	GLY	0.4764783699636325	0.2774586302999042	A	98	True	1.0	0.7020538427321977	70.28408450899005	13;14;15;16;17;92;93;94;
V	100	VAL	0.0	0.0029784780810435513	A	99	True	0.0	0.04948661945047846	8.831342517836827	13;14;15;16;17;45;46;91;93;94;95;103;104;
G	101	GLY	0.3909137121736705	-0.11441403248866568	A	100	True	0.7285859224330631	0.4507222573381846	45.12275169886607	15;16;17;91;93;94;95;104;126;127;128;
A	102	ALA	0.1301764597316507	-0.358256827517208	A	101	True	0.3310081221255811	0.2320544671690696	30.065812162506468	16;17;90;91;94;105;125;126;127;128;129;147;148;
N	103	ASN	0.22979669795604643	-0.5574273486524769	A	102	True	1.0	0.6968127301869481	123.5288703693516	16;17;125;126;127;128;129;147;148;226;228;
A	104	ALA	0.04856700343534896	-0.33616496188290823	A	103	True	0.18926465428359981	0.1540955598559799	19.965175478956237	14;15;16;17;18;45;94;99;127;128;129;228;
T	105	THR	-0.0	-0.9184058316909508	A	104	True	0.0	0.006237285416649011	1.015808045326708	15;16;17;18;19;45;46;90;93;94;99;100;125;126;127;128;129;130;148;
A	106	ALA	-0.0	-0.7246849184907451	A	105	True	0.0	0.04333658055590928	5.614843388513608	16;17;18;19;20;47;90;101;116;126;127;128;129;130;131;148;149;150;204;
L	107	LEU	-0.0	-1.5339025099164818	A	106	True	0.0	0.0	0.0	17;18;19;20;21;90;112;113;115;116;117;119;120;126;127;128;129;130;131;132;150;
I	108	ILE	-0.0	-1.3819721966945404	A	107	True	0.0	0.0	0.0	18;19;20;21;22;34;35;49;112;113;115;116;117;129;130;131;132;133;151;200;
G	109	GLY	-0.0	-1.2016492101547191	A	108	True	0.0	0.0	0.0	19;20;21;22;23;31;49;112;113;114;115;116;117;130;131;132;133;134;135;
F	110	PHE	-0.18074128106511	-1.0079282969545145	A	109	True	0.1866117273266157	0.15263645002963863	35.07266611500534	20;21;22;23;24;31;34;113;114;115;116;131;132;133;134;135;153;154;190;191;192;
S	111	SER	-0.024173538644837712	-0.7475502551366545	A	110	True	0.03440098625505239	0.06892054244027881	9.340704628171572	21;22;23;24;114;115;132;133;134;135;136;154;160;161;190;191;
Q	112	GLN	-0.0	-0.7475502551366534	A	111	True	0.0	0.02347437703238302	4.891771438711123	21;22;23;24;25;26;52;63;64;65;67;79;115;116;132;133;134;135;136;137;161;
G	113	GLY	-0.0	-1.1193161398802203	A	112	True	0.0	0.0	0.0	20;21;22;23;24;50;51;52;63;64;65;106;107;108;116;117;118;132;133;134;135;136;
A	114	ALA	-0.0	-1.0564300890015066	A	113	True	0.0	0.0	0.0	20;21;22;23;106;107;108;109;117;118;119;130;131;132;133;134;135;136;137;152;153;
I	115	ILE	-0.0	-1.4521419107845173	A	114	True	0.0	0.03143944958089512	6.405303684583835	21;23;64;79;108;109;110;118;119;132;133;134;135;136;137;138;139;
M	116	MET	-0.0	-0.9356944364416011	A	115	True	0.0	0.0	0.0	21;22;23;64;65;79;80;82;83;86;87;106;107;108;109;110;111;119;120;121;132;135;136;137;138;
V	117	VAL	-0.0	-0.9585352633729299	A	116	True	0.0	0.0	0.0	19;20;21;83;86;87;90;105;106;107;108;109;111;112;120;121;122;126;127;129;130;131;132;135;136;137;150;
L	118	LEU	-0.0	-1.3482937672387387	A	117	True	0.0	0.002279680565574863	0.47395174472054113	106;107;108;112;113;121;122;130;131;132;135;136;137;138;140;141;150;151;152;169;
E	119	GLU	0.0	-0.49219057796308363	A	118	True	0.0	0.013538209366126094	2.657274319099483	76;79;80;83;86;112;113;114;122;123;124;136;137;138;139;140;141;
S	120	SER	0.0	-0.32343471085449477	A	119	True	0.0	0.0	0.0	79;80;83;84;86;87;90;106;113;114;115;123;124;125;126;127;
I	121	ILE	0.030282913992155783	0.761082021196322	A	120	True	0.03044715283801688	0.06674593406090928	13.59845617752573	87;106;115;116;124;125;126;127;128;129;130;141;144;145;147;148;150;
K	122	LYS	0.5080749100755116	1.3065888871650484	A	121	True	0.36848133632227403	0.25266473497725067	62.10580038456014	115;116;117;125;126;137;139;140;141;142;143;144;145;
A	123	ALA	0.7297204610282096	0.8875251188381117	A	122	True	0.7846078097769964	0.48153429537734793	62.38931683255256	80;83;84;87;116;117;118;126;141;
E	124	GLU	0.14609576416289652	0.46307900067020663	A	123	True	0.30323366273895164	0.21677851450642338	42.54920011591498	83;84;87;118;119;127;
P	125	PRO	0.7687481584287287	0.858163257745283	A	124	True	0.8682211638289503	0.5275216401059226	87.20940277283502	118;119;120;128;143;144;145;146;147;148;
G	126	GLY	0.1834804321249091	0.5229412916234917	A	125	True	0.3724029968158511	0.25482164824871806	25.510730331640488	101;102;104;119;120;121;129;144;145;146;147;148;149;
L	127	LEU	0.0	1.0673925724646895	A	126	True	0.0	0.027148378975680426	5.644221289667195	87;90;91;94;100;101;102;104;105;106;116;119;120;121;122;147;148;
A	128	ALA	0.0	0.07836783400332283	A	127	True	0.0	0.004994181881139911	0.6470641835752591	17;18;90;91;94;100;101;102;103;104;105;106;116;119;120;123;147;148;149;150;
S	129	SER	-0.021316539202535408	-0.5742256433698977	A	128	True	0.06635727432025283	0.08649650087613905	11.7227496686419	100;101;102;103;104;105;106;120;124;146;147;148;149;150;209;
R	130	ARG	-0.05071837599148228	-0.7555610839904074	A	129	True	0.07243239895394853	0.08983781942467169	24.526874627024007	18;101;102;103;104;105;106;107;116;120;125;147;148;149;150;151;179;203;204;209;
V	131	VAL	-0.0	-1.016424833188863	A	130	True	0.0	0.0	0.0	18;19;104;105;106;107;108;113;116;117;120;148;149;150;151;152;180;200;203;204;
I	132	ILE	-0.0	-0.7368711541336375	A	131	True	0.0	0.0	0.0	20;105;106;107;108;109;113;116;117;135;149;150;151;152;153;181;197;199;200;201;203;204;
A	133	ALA	-0.0	-0.7098192665252129	A	132	True	0.0	0.013696390331218208	1.7745536383178235	21;106;107;108;109;110;111;112;113;114;115;116;117;136;150;151;152;153;154;166;182;200;
F	134	PHE	-0.0	-0.7098192665252129	A	133	True	0.0	0.0	0.0	23;107;108;109;110;111;112;113;114;151;152;153;154;155;166;183;190;191;192;196;197;200;
N	135	ASN	-0.0	-0.5934906894044021	A	134	True	0.0	0.005745062286387325	1.0184674069438857	23;108;109;110;111;112;113;114;152;153;154;155;156;158;160;161;162;163;165;166;184;189;190;191;192;196;
G	136	GLY	-0.0	-0.20744782731250241	A	135	True	0.0	0.04393740600113749	4.3986659833264765	23;108;109;110;111;112;113;114;115;116;117;131;152;153;154;155;160;161;162;163;165;166;169;190;
R	137	ARG	-0.003625012188053831	-0.06641672996069194	A	136	True	0.05855884951692789	0.08220736723431034	22.443663509267324	110;111;112;113;114;115;116;117;118;132;140;152;154;161;162;163;164;165;166;167;168;169;
Y	138	TYR	-0.0	0.19296076252820057	A	137	True	0.0	0.03378897920181346	8.3152346376098	75;76;79;111;113;114;115;116;117;118;121;141;165;166;168;169;
A	139	ALA	0.00987427634915434	0.17450809081923058	A	138	True	0.052643403558760654	0.07895387195731836	10.229547884729213	72;73;74;75;76;77;78;79;80;114;115;117;118;165;
S	140	SER	0.46629796953311314	0.4757860149132668	A	139	True	0.623236611958782	0.39278013657733	53.23294201813433	72;73;75;76;114;118;121;165;169;
L	141	LEU	0.1988778603033674	-0.09592558086852468	A	140	True	0.6895901498752873	0.429274582431408	89.24734472886229	117;118;121;136;165;168;169;170;171;172;173;
P	142	PRO	0.0015034684142093086	0.3106298942884813	A	141	True	0.003576142299682892	0.05196687826482559	8.591117544550528	117;118;120;121;122;137;169;172;173;175;176;
E	143	GLU	0.6819729258045811	0.47494568009011756	A	142	True	1.0	0.8595435652931349	168.7108671783104	121;172;173;175;176;
T	144	THR	0.5084072326753686	0.24893796557633446	A	143	True	1.0	0.6755745041268755	110.02446908680541	121;124;172;173;174;175;176;177;178;
A	145	ALA	0.3671475274749485	0.4994076293304411	A	144	True	0.4022314249425213	0.27122728371838667	35.141183296775566	120;121;124;125;148;172;173;174;175;176;177;178;179;180;
S	146	SER	0.20016686984529108	0.1034165503260413	A	145	True	0.49995813883688056	0.3249769763602843	44.043674638342424	120;121;124;125;149;173;176;177;178;179;210;211;
T	147	THR	-0.1728712405999023	-0.5988035184917616	A	146	True	0.29982016093892055	0.2149010885164063	34.99892021643504	124;125;128;150;173;176;177;178;179;180;209;210;211;212;214;
A	148	ALA	-0.29546341726935454	-0.9243929991294841	A	147	True	0.5938929825036534	0.3766411403770093	48.798982055350685	101;102;120;124;125;126;127;128;129;178;179;209;210;211;212;
T	149	THR	-0.0	-0.9111790600853235	A	148	True	0.0	0.005789531636274418	0.9428865960026336	101;102;104;105;120;124;125;126;127;128;129;130;144;178;179;180;209;210;211;
T	150	THR	-0.0	-1.3289370230601922	A	149	True	0.0	0.0038151844207027666	0.621343223866305	105;125;127;128;129;130;131;145;178;179;180;181;203;204;207;208;209;210;211;
I	151	ILE	-0.0	-1.637929970441124	A	150	True	0.0	0.028500325633981034	5.806502442908872	105;106;116;117;120;127;128;129;130;131;132;146;170;173;178;179;180;181;182;203;209;
H	152	HIS	-0.0	-1.6068809508822008	A	151	True	0.0	0.0	0.0	107;117;129;130;131;132;133;170;179;180;181;182;183;199;200;203;204;207;
L	153	LEU	-0.0	-1.315797947940331	A	152	True	0.0	0.025553138918276916	5.31256657458485	113;117;130;131;132;133;134;135;136;166;167;169;170;180;181;182;183;184;196;199;200;
I	154	ILE	-0.0	-1.0135680196767347	A	153	True	0.0	0.0075607825202608685	1.54039300245234	109;113;131;132;133;134;135;163;166;181;182;183;184;185;192;195;196;197;199;200;
H	155	HIS	0.0	0.014241529778792898	A	154	True	0.0	0.011574878251180452	2.455621995866184	109;110;132;133;134;135;136;158;161;162;163;164;165;166;167;182;183;184;185;186;188;189;190;191;192;196;
G	156	GLY	0.0	0.5957359769414672	A	155	True	0.0	0.0020652244416267465	0.20675395582258102	133;134;135;159;161;162;163;166;183;184;185;186;187;188;189;190;191;192;193;196;
G	157	GLY	0.6675472604627273	1.1879360745356462	A	156	True	0.45296025083026825	0.2991281379566475	29.946346059929688	134;162;163;164;183;184;185;186;187;188;189;190;
E	158	GLU	1.0937030319723162	1.1171094531995027	A	157	True	0.9933376861290172	0.5963357273709594	117.04853803408096	161;162;163;184;185;186;187;188;189;190;191;
D	159	ASP	0.02734469593938111	0.7195866182246007	A	158	True	0.05465293735461639	0.08005911554503901	13.382601695393177	134;154;162;163;185;186;187;188;189;190;191;
P	160	PRO	1.1546676929218214	1.0917159401205445	A	159	True	1.0	0.7041712324321211	116.41295439156906	155;163;188;189;190;
V	161	VAL	0.7361577053823524	0.6277086070387243	A	160	True	0.9333474371858526	0.5633410904522189	100.53340032923063	110;134;135;189;190;191;
I	162	ILE	0.00032193266867856486	-0.016411320115046396	A	161	True	0.056218920390239235	0.08092040621463158	16.486286591975478	110;111;134;135;136;154;155;157;165;166;189;190;
D	163	ASP	-0.021947503803823876	-0.5831670549078841	A	162	True	0.8329085510553319	0.5080997030804325	84.93343826722202	134;135;136;154;155;156;157;158;166;167;189;190;
L	164	LEU	-0.1378242917897754	-0.8972778848952373	A	163	True	0.23731353332811836	0.18052244333046508	37.53110337900068	134;135;136;153;154;155;156;157;158;159;167;168;169;184;189;
A	165	ALA	-0.3863195018142808	-0.9250213434737542	A	164	True	0.770098825964922	0.473554354280707	61.35540693628381	136;154;156;168;169;170;
H	166	HIS	-0.1587744978612247	-0.5678366324925446	A	165	True	0.43514057696776637	0.28932731733227146	61.38107969935873	134;135;136;137;138;139;140;154;161;169;170;171;
A	167	ALA	-0.0	-1.1312097730727535	A	166	True	0.0	0.014754068278798953	1.911590200846996	132;133;134;135;136;137;152;153;154;155;161;162;170;171;172;181;182;183;184;
V	168	VAL	-0.40830578685128854	-0.7700357539419749	A	167	True	0.6348919859953904	0.3991905922974647	71.23923374893171	136;152;154;162;163;171;172;181;182;183;184;
A	169	ALA	-0.02687359203524135	-0.16517777486584057	A	168	True	0.43686466139193697	0.2902755637655653	37.6091470334962	136;137;140;163;164;172;173;174;
A	170	ALA	-0.0	-0.17727702137782822	A	169	True	0.0	0.0030755974396274497	0.3984854764289151	117;135;136;137;139;140;141;152;163;164;165;173;174;175;180;182;
Q	171	GLN	-0.01101493756328968	-0.44434321838872437	A	170	True	0.11677735042669445	0.11422754273468194	23.80361490713208	140;150;151;152;164;165;166;174;175;176;178;179;180;181;182;
E	172	GLU	0.6286739937257276	0.5608170423802191	A	171	True	0.8728732283751145	0.5300802756063129	104.04394446389685	140;165;166;167;175;176;177;178;180;182;
A	173	ALA	0.14395789430924955	0.681412109975532	A	172	True	0.16912162610215375	0.14301689435618456	18.529783693606955	140;141;142;143;144;166;167;168;176;177;178;180;
L	174	LEU	0.0	0.6759625020404656	A	173	True	0.0	0.028698789139724668	5.966555748879436	140;141;142;143;144;145;146;150;168;169;177;178;179;180;181;
R	175	ARG	0.6281592908459087	0.7878372109746872	A	174	True	0.79144628464879	0.4852954565568344	132.49187142185974	143;144;168;169;170;178;179;180;181;
S	176	SER	0.6442975698458718	0.43862750799723094	A	175	True	1.0	0.6627921368612272	89.82729039981052	141;142;143;144;169;170;171;
A	177	ALA	0.4395256583045491	0.9247152996801422	A	176	True	0.37781228377883574	0.2577967560783596	33.40107578583416	141;142;143;144;145;146;170;171;172;
G	178	GLY	0.45240810418612004	0.7321872092954647	A	177	True	0.5541303573128404	0.3547716965220622	35.516939559386344	143;144;145;146;171;172;173;210;
G	179	GLY	4.6807009298175146e-05	-0.2006546066125867	A	178	True	0.02694613998660841	0.06482037699263463	6.489304063524337	143;144;145;146;147;148;149;150;170;171;172;173;174;210;211;
D	180	ASP	-0.06821289045419385	-0.5797698951388089	A	179	True	0.10992012648682564	0.1104560695677541	18.463726132876207	129;144;145;146;147;148;149;150;151;170;173;174;209;210;211;
V	181	VAL	-0.002579794949834281	0.013823798535858555	A	180	True	0.03822906686295336	0.07102598677462435	12.675240779010043	130;144;146;148;149;150;151;152;169;170;171;172;173;174;209;210;
T	182	THR	-0.1476612488705413	-0.5237055152594855	A	181	True	0.29923350697750434	0.21457842883762734	34.946371667553294	131;149;150;151;152;153;166;167;170;173;174;203;207;
L	183	LEU	-0.24167570950553785	-1.1915117187735071	A	182	True	0.1958653559972045	0.15772594579846247	32.791649991554	132;150;151;152;153;154;166;167;169;170;171;199;
D	184	ASP	-0.10472948843142088	-1.1279807390857204	A	183	True	0.18779164205329696	0.15328540312931332	25.623034701692884	133;151;152;153;154;155;156;166;167;195;196;199;200;
I	185	ILE	0.4607887587072196	-0.05584298496855116	A	184	True	0.596039989326945	0.3778219941298197	76.97541284524117	134;152;153;154;155;156;157;163;166;167;188;195;196;199;
V	186	VAL	0.0	0.12889497269544822	A	185	True	0.0	0.024743972114446428	4.415789468366418	153;154;155;156;157;158;189;192;193;195;196;199;
E	187	GLU	1.1216998596619474	0.5561174522155746	A	186	True	1.0	0.6602214475220308	129.5880016310452	154;155;156;157;158;195;196;
D	188	ASP	0.5709594109061218	0.01140785861459396	A	187	True	1.0	0.6807436562453543	113.79242883431716	155;156;157;158;
L	189	LEU	0.040579115713236566	0.38580837648158073	A	188	True	0.05320707905168358	0.07926389347842597	16.47917746667715	154;155;156;157;158;159;184;192;193;195;196;
G	190	GLY	0.35915360612245073	0.4364466775128179	A	189	True	0.3532811927155107	0.24430465599353088	24.457852151289963	134;154;155;156;157;158;159;160;161;162;163;185;193;
H	191	HIS	0.21709771390890184	0.3403419049404352	A	190	True	0.28549640824507905	0.20702302453479346	43.92014167808097	109;110;133;134;135;154;155;156;157;158;159;160;161;162;
A	192	ALA	0.05275911740058019	0.03980205543286116	A	191	True	0.49126007890132084	0.3201930433957264	41.48536339730654	109;110;133;134;154;155;157;158;160;196;
I	193	ILE	0.2133532424926831	0.804626301659507	A	192	True	0.25817504226232646	0.19199627324427954	39.116283930913994	34;109;133;134;153;154;155;185;188;196;197;
D	194	ASP	0.2572744219524753	0.713665375539855	A	193	True	0.33992313165799387	0.23695772241189664	39.60961592065023	34;155;185;188;189;197;198;
N	195	ASN	0.5094353383094591	0.48921339843874756	A	194	True	0.967720593395633	0.5822463263675981	103.21888199946868	37;198;199;200;
R	196	ARG	0.41608547866147344	0.5999177538154195	A	195	True	0.6618231132407097	0.41400271228239033	113.02803968780978	153;183;184;185;186;188;199;200;201;
S	197	SER	0.0	0.48218234122837295	A	196	True	0.0	0.008483897409966598	1.1498107385163991	133;134;152;153;154;155;183;184;185;186;188;191;192;200;201;
M	198	MET	0.0	-0.01951114590495361	A	197	True	0.0	0.008406267042326242	1.8152493051199285	34;37;38;131;133;153;192;193;201;202;203;
Q	199	GLN	-0.10999040973193548	-0.5883010178887311	A	198	True	0.6989693088218519	0.4344331198520185	90.53051864978647	37;193;194;202;203;204;
F	200	PHE	-0.20192793714853702	-0.6145861330656084	A	199	True	0.49782547951310857	0.3238040137322097	74.40339485177478	131;151;152;153;182;183;184;185;194;195;203;204;205;
A	201	ALA	-0.0	-0.7108203362950344	A	200	True	0.0	0.0	0.0	37;38;107;130;131;132;133;151;152;153;183;194;195;196;204;205;
L	202	LEU	-0.0	-0.7820064812478069	A	201	True	0.0	0.0409090612953763	8.505104297774231	37;38;41;42;131;195;196;197;205;206;207;
D	203	ASP	-0.3108722899116054	-0.7004722356521619	A	202	True	0.4416221717347353	0.29289219445410436	48.959566332753624	197;198;206;207;
H	204	HIS	-0.09171125776723608	-0.5797170382287994	A	203	True	0.13841698490612872	0.12612934169837078	26.758465970651063	129;130;131;149;150;151;181;197;198;199;207;208;209;
L	205	LEU	-0.0	-0.6537944395206401	A	204	True	0.0	0.03331160298242927	6.925572201375099	38;41;42;105;129;130;131;149;151;198;199;200;208;209;230;
R	206	ARG	-0.39100156831161226	-0.7382156361042927	A	205	True	0.4384396124193471	0.29114178683064085	79.48543441963639	41;42;199;200;201;230;231;
Y	207	TYR	-0.8956812078986083	-0.9158899151865129	A	206	True	0.9241169971695947	0.5582643484432771	137.38500412788622	201;202;230;
T	208	THR	-0.11946155025067277	-0.3832444348591856	A	207	True	0.2833639385988119	0.20585016622934654	33.524881582211115	149;151;181;201;202;203;
I	209	ILE	0.007732216388231979	-0.0903311167728383	A	208	True	0.8382869367349508	0.5110578152042229	104.12015955750627	149;203;204;212;213;
P	210	PRO	-0.0	-0.7460983667687581	A	209	True	0.0	0.03038282546002161	5.022861360507858	128;129;146;147;148;149;150;179;180;203;204;213;214;
K	211	LYS	-0.4803653713754791	-0.9437673489120272	A	210	True	0.46135298305017164	0.30374414067759437	74.66128175980286	145;146;147;148;149;177;178;179;180;214;215;
H	212	HIS	-0.13058579663267958	-0.4138227090317316	A	211	True	0.25809343936205054	0.19195139164912778	40.72267968975411	145;146;147;148;149;178;179;215;216;217;
Y	213	TYR	0.33333762923391524	0.619560303084657	A	212	True	0.4966769973047944	0.3231723485176369	79.53048508098566	146;147;208;216;217;218;220;222;226;
F	214	PHE	0.28896754379502027	0.4070103482508059	A	213	True	0.7592729114773403	0.4676001013125371	107.44473043950359	208;209;217;218;
D	215	ASP	-0.06745647128408637	-0.2986570755914186	A	214	True	0.5874762550165034	0.3731119402590768	62.369018821767014	146;209;210;218;219;220;
E	216	GLU	0.3210352254222469	-0.1611792486716077	A	215	True	0.6255813543166895	0.3940697448741792	77.34785189600593	210;211;219;220;221;222;
A	217	ALA	0.6133542320147813	0.40268385030129694	A	216	True	0.8884765448264176	0.5386620996545296	69.79100081479962	211;212;220;221;222;
L	218	LEU	0.7672095497278291	1.0761552213758399	A	217	True	1.0	0.7529429880162053	156.53888015463673	211;212;213;221;
S	219	SER	0.8114022528507934	0.9297087306124933	A	218	True	1.0	0.6754739092589334	91.54603325839028	212;213;214;
G	220	GLY	0.6126681602044037	0.6388377267979121	A	219	True	1.0	0.6517466123483979	65.24772203008405	214;215;
G	221	GLY	0.48913321530632226	0.8370174101268057	A	220	True	0.6090053394290509	0.3849529366859779	38.53844689280029	212;214;215;216;
K	222	LYS	1.6319735508626572	1.5985935201748056	A	221	True	1.0	0.7903909825520854	194.28063276244677	215;216;217;226;
P	223	PRO	2.268930401755428	2.0649039910611227	A	222	True	0.9313707000238861	0.5622538850131373	92.95130624187534	212;215;216;226;227;
G	224	GLY	1.358674195792276	2.503543300710029	A	223	True	0.5236617460442181	0.3380139603243199	33.839287397384346	227;
D	225	ASP	1.8863466155357456	1.9131463008191028	A	224	True	1.0	0.9001155883862659	150.4624216390598	228;
D	226	ASP	1.077760330021814	1.095933495443692	A	225	True	1.0	0.8380669243636999	140.0904290097117	
D	227	ASP	0.9717549975442737	1.4401858860767596	A	226	True	0.584991358574575	0.3717452472160162	62.14056377938205	102;212;221;222;
V	228	VAL	1.362495873461954	1.0654474879140678	A	227	True	0.9872625746881516	0.5929944160784834	105.82530909783328	222;223;
I	229	ILE	0.11351703651682918	0.2803086575841734	A	228	True	0.6301020834616923	0.3965561459039307	80.79220776327895	15;16;102;103;224;
E	230	GLU	-0.1047391623872368	-0.3658912091377114	A	229	True	1.0	0.6465781235078346	126.91009545086837	
M	231	MET	-0.7702854557455152	-1.2131767426140394	A	230	True	0.6225466616142094	0.3924006638878151	84.73499935993479	16;41;42;204;205;206;
M	232	MET	-0.4045344139382782	-0.646568574935029	A	231	True	1.0	0.7347843289063679	198.43082259180068	41;42;43;205;
