res1letter	pdb_id	resname	Structurally_corrected_score	intrinsic_score	chain	overall_id	ok	exposure_weight	solvent_exposure	SASA	contacts
M	1	MET	0.7840992811319946	1.1020433245512973	A	0	True	0.670598723998297	0.4188292981990633	113.10617129094635	85;88;89;92;
K	2	LYS	0.8909704001895018	0.8009758333103598	A	1	True	1.0	0.8652890633619976	212.6908206993818	89;92;
H	3	HIS	0.044688591051626404	-0.03945119675829267	A	2	True	0.13747794595864035	0.12561287027725218	26.648896042189328	50;51;52;53;85;89;
D	4	ASP	-0.12610081384326488	-0.5722698489704436	A	3	True	0.6560355527176043	0.4108195539946823	68.6721858261971	27;28;29;49;50;51;52;53;62;
H	5	HIS	-0.2126793948476293	-0.8390804524528197	A	4	True	0.6125874772068889	0.38692311246378885	82.08612523230528	19;20;21;27;28;29;31;32;48;49;50;51;52;
F	6	PHE	-0.586117490490874	-1.1979410053567134	A	5	True	0.5095319050267912	0.33024254776473516	75.88283540708785	20;27;28;29;30;31;32;33;35;47;48;49;50;51;
V	7	VAL	-0.46026549577375303	-1.079412951483837	A	6	True	0.5561584563016322	0.3558871509658977	63.51133625165333	19;28;29;32;35;46;47;48;49;50;
V	8	VAL	-0.2582005506181736	-1.3534462072360838	A	7	True	0.1917563448950264	0.15546598969226452	27.744336147689776	18;19;20;28;29;31;32;33;34;35;36;37;38;39;45;46;47;48;49;
Q	9	GLN	-0.11961301871761404	-0.8310304642785546	A	8	True	0.23686299625795335	0.1802746479418743	37.56701925291692	18;32;35;36;38;39;40;42;43;44;45;46;47;48;49;
S	10	SER	0.3014115382439698	0.1752580757429495	A	9	True	0.939985954200599	0.5669922748103294	76.84366921585922	13;14;17;39;43;44;45;46;47;48;97;
P	11	PRO	0.18588941007769252	0.9151508529833076	A	10	True	0.18822648717850599	0.1535245679481783	25.380543401081678	14;15;16;39;42;43;44;45;46;47;
D	12	ASP	1.5410123563198153	1.3868829035069796	A	11	True	1.0	0.9645865956902895	161.2393307489931	43;44;46;
K	13	LYS	1.3718809648234056	1.3868829035069807	A	12	True	1.0	0.6060681780046296	148.97349757170758	44;45;46;
P	14	PRO	1.44797948950592	1.3456569456617125	A	13	True	1.0	0.6801996873945934	112.45000014035551	9;44;45;46;97;98;99;
A	15	ALA	0.12161971434745904	0.8215769472558577	A	14	True	0.13049931682108634	0.12177462425159748	15.777558706684276	9;10;42;43;44;45;46;47;96;97;98;99;103;
Q	16	GLN	0.1517275385045536	0.05046402332149328	A	15	True	0.8067779392610256	0.493727866593564	102.88681454533963	10;42;43;44;45;46;97;98;99;100;103;104;228;229;230;
Q	17	GLN	0.0015364725339494817	-0.7448742219977249	A	16	True	0.07832830823231661	0.09308056952777413	19.396845798582937	10;42;43;44;45;46;47;94;97;98;99;100;101;102;103;104;105;228;230;
L	18	LEU	-0.0	-1.294592148643547	A	17	True	0.0	0.0	0.0	9;42;44;45;46;47;48;90;93;94;97;98;99;100;101;102;103;104;105;106;127;
L	19	LEU	-0.0	-1.8336690201746262	A	18	True	0.0	0.024299766568252446	5.051987078909418	7;8;35;38;39;42;45;46;47;48;49;93;94;103;104;105;106;107;127;129;130;
L	20	LEU	-0.0	-1.9143151937987513	A	19	True	0.0	0.0	0.0	4;6;7;32;35;46;47;48;49;50;89;90;93;94;104;105;106;107;108;116;130;
L	21	LEU	-0.0	-1.8159406499763986	A	20	True	0.0	0.0	0.0	4;5;7;28;31;32;34;35;47;48;49;50;51;105;106;107;108;109;112;113;116;131;
F	22	PHE	-0.0	-2.024817564166274	A	21	True	0.0	0.0	0.0	4;26;27;28;31;32;48;49;50;51;52;63;64;106;107;108;109;110;111;112;113;114;115;116;132;
H	23	HIS	-0.0	-1.5541220758914174	A	22	True	0.0	0.00044947229176731687	0.09535599617072804	26;27;28;29;30;31;32;34;49;50;51;52;62;63;64;107;108;109;110;111;112;113;115;
G	24	GLY	-0.0	-0.7179854209136535	A	23	True	0.0	0.03485442948036166	3.4893501295809144	27;28;31;51;52;61;62;63;64;108;109;110;111;112;113;114;115;133;134;135;
V	25	VAL	0.021951001159450804	-0.14919554892987485	A	24	True	0.5211388178583416	0.33662634982208783	60.07406908816994	52;54;55;56;57;61;62;63;64;65;66;67;109;110;111;112;
G	26	GLY	0.730613892574973	0.6779826601711946	A	25	True	0.6162106046175757	0.3889158325396666	38.935180718794356	52;54;55;56;57;58;59;60;61;62;63;64;66;67;111;
D	27	ASP	-0.08896305301217834	0.17074281995990695	A	26	True	0.3853766493532542	0.2619571571442898	43.788496431082336	21;22;30;31;51;52;55;56;57;59;60;61;62;63;111;
N	28	ASN	0.0381017576342463	-0.017528485305230095	A	27	True	0.4500218818339461	0.2975120350086703	52.742041030232045	3;4;5;21;22;23;31;32;49;50;51;52;55;56;60;61;62;63;
P	29	PRO	-0.0	0.2830944583197126	A	28	True	0.0	0.022363855045870146	3.697172388713711	3;4;5;6;7;20;21;22;23;32;33;34;35;48;49;50;51;52;61;62;
V	30	VAL	-0.25053303319191556	0.268355745949876	A	29	True	0.7901017725363741	0.48455597489500574	86.47347163498281	3;4;5;6;7;22;33;34;35;48;49;50;51;
A	31	ALA	0.12055767158314491	0.31529019238086786	A	30	True	0.44741672814267697	0.2960792004784723	38.361087099112595	5;22;26;34;35;49;
M	32	MET	-0.0	-0.3355676363964206	A	31	True	0.0	0.02150332401876123	4.6434277886113	4;5;7;20;21;22;23;26;27;35;36;48;49;50;51;107;108;109;
G	33	GLY	-0.0	-0.42945264186301974	A	32	True	0.0	0.00034857552926345837	0.03489662824317627	4;5;6;7;8;19;20;21;22;27;28;36;37;47;48;49;50;
E	34	GLU	0.3991983448612483	0.32381476332863063	A	33	True	0.99344566817922	0.596395117498571	117.0601951045725	5;7;28;29;37;38;49;
I	35	ILE	0.02957784593189654	-0.1832155307521989	A	34	True	0.23466117532471634	0.17906364642859396	36.48146037967102	7;20;22;28;29;30;38;39;49;107;109;192;193;197;
G	36	GLY	-0.0	-0.5417703362239742	A	35	True	0.0	0.0	0.0	5;6;7;8;18;19;20;28;29;30;31;39;40;47;48;49;107;
N	37	ASN	-0.20102238970190975	-0.7668264950508081	A	36	True	0.7503124106588352	0.46267182586235933	82.02107327340147	7;8;31;32;40;41;47;
W	38	TRP	-0.3958959534421823	-1.1043907304908385	A	37	True	0.6768748231677343	0.4222811527422538	113.8832305022169	7;32;33;41;42;194;197;198;200;201;
F	39	PHE	-0.0	-0.9873957410225879	A	38	True	0.0	0.0	0.0	7;8;18;33;34;42;43;45;47;197;200;201;204;
A	40	ALA	-0.09283627432181771	-1.713257661109241	A	39	True	0.09614959233376817	0.1028822757835725	13.329798026712474	7;8;9;10;18;34;35;43;44;45;46;47;
P	41	PRO	-0.8616302711575765	-1.6940584961759364	A	40	True	1.0	0.6158518994272117	101.81208174659716	8;35;36;44;45;
L	42	LEU	0.14705814505457826	-0.6112695889352041	A	41	True	0.5322137171605456	0.3427175444383	71.25190282609256	36;37;45;201;204;205;230;231;
F	43	PHE	0.0	-0.047793336422126236	A	42	True	0.0	0.046688707505936254	10.728089190877277	8;10;14;15;16;17;18;37;38;46;47;201;204;205;230;231;
P	44	PRO	0.5001221132567304	-0.29826300017623175	A	43	True	0.8980918687006851	0.5439505277853768	89.92541169800349	8;9;10;11;14;15;16;38;39;47;
D	45	ASP	0.20115350859408843	-1.0650322529145269	A	44	True	0.5440695576826984	0.3492382567254841	58.37831775597519	8;9;10;11;12;13;14;15;16;17;39;40;
A	46	ALA	0.0	-1.2862946396840969	A	45	True	0.0	0.0	0.0	7;8;9;10;12;13;14;15;16;17;18;38;39;40;41;97;99;103;104;
L	47	LEU	0.028297087385468	-0.6121316976394625	A	46	True	0.06399411953436279	0.08519676574389953	17.712637629424222	6;7;8;9;10;11;12;13;14;15;16;17;18;19;39;42;93;94;96;97;99;104;
V	48	VAL	-0.0	-1.410236196004388	A	47	True	0.0	0.0	0.0	5;6;7;8;9;10;14;16;17;18;19;20;32;35;36;38;39;42;43;97;105;
V	49	VAL	-0.0	-1.786824288029023	A	48	True	0.0	0.0	0.0	4;5;6;7;8;9;17;18;19;20;21;28;29;31;32;35;93;
S	50	SER	-0.0	-1.5973144355059152	A	49	True	0.0	0.0	0.0	3;4;5;6;7;8;18;19;20;21;22;27;28;29;30;31;32;33;34;35;107;108;
V	51	VAL	-0.0	-1.3327253330109552	A	50	True	0.0	0.002313118559310056	0.41279728759962514	2;3;4;5;6;19;20;21;22;27;28;29;31;32;86;89;90;93;112;
G	52	GLY	0.0	-0.23384145276769508	A	51	True	0.0	0.0368550010369108	3.6896315493073177	2;3;4;5;20;21;22;23;26;27;28;29;31;55;61;62;63;64;112;
G	53	GLY	0.0	0.5642630455972295	A	52	True	0.0	0.001985244361770834	0.19874698207003788	2;3;4;21;22;23;24;25;26;27;28;56;61;62;63;64;65;82;86;111;112;
A	54	ALA	0.3486634617579049	0.574171423660985	A	53	True	0.5730998902797332	0.3652049396538532	47.317266719335976	2;3;62;63;64;65;82;85;86;
E	55	GLU	0.7296439804088586	1.2495327654486206	A	54	True	0.5660892700931855	0.361349098551252	70.92545652400032	24;25;61;62;63;64;65;66;82;
P	56	PRO	1.5335262335483533	1.332888436787704	A	55	True	1.0	0.6644059644111687	109.83899607108644	24;25;26;27;51;60;61;62;63;64;65;66;
S	57	SER	0.12753612272869536	1.4089383617395428	A	56	True	0.08104388407719718	0.09457413624245845	12.817500281149655	24;25;26;27;52;60;61;62;63;64;65;66;67;68;
G	58	GLY	1.3219287208678192	1.3652176435332195	A	57	True	1.0	0.6991265243496918	69.99102451834878	24;25;26;61;62;63;66;68;
N	59	ASN	0.9614140877910405	0.9196489638857346	A	58	True	1.0	0.8435954601465201	149.55007238839463	25;
P	60	PRO	1.146052163416403	1.2709954818432034	A	59	True	1.0	0.7311563937770967	120.87411697847523	25;26;
A	61	ALA	1.3482870608209616	1.2635818641405006	A	60	True	1.0	0.774477423080511	100.34408305303411	25;26;27;55;56;
G	62	GLY	0.08240173044939803	0.5781886428582895	A	61	True	0.07137046680466878	0.08925375674256783	8.935381020387625	23;24;25;26;27;28;51;52;54;55;56;57;
R	63	ARG	0.32563079773319115	-0.23102894856744605	A	62	True	0.31565619468889267	0.22361090707889095	61.04863985214784	3;22;23;24;25;26;27;28;51;52;53;54;55;56;57;66;
Q	64	GLN	0.025086460003845	-0.36422745949636903	A	63	True	0.05009594874112749	0.07755277180762012	16.161043745614798	21;22;23;24;25;26;27;51;52;53;54;55;56;57;67;111;112;
W	65	TRP	-0.0	-0.8557762661475554	A	64	True	0.0	0.028409700192811554	7.661692724258538	21;22;23;24;25;51;52;53;54;55;56;78;79;82;83;85;86;111;112;114;115;
F	66	PHE	-0.0	-0.9800364476614719	A	65	True	0.0	0.030124133364634525	6.921896252805693	24;52;53;54;55;56;70;75;78;79;80;81;82;83;111;112;115;
S	67	SER	-0.1907313514927653	-1.4116439512478751	A	66	True	0.38282573441233825	0.260554153926786	35.31253970588181	24;25;54;55;56;57;62;70;75;78;79;
V	68	VAL	-0.49330182424495994	-1.924492283070052	A	67	True	0.5008364695528469	0.32546005825406576	58.08134162797398	24;25;56;63;71;75;78;111;
Q	69	GLN	-0.8599900914189269	-1.4556215197999458	A	68	True	1.0	0.7096210939179631	147.87630763304833	56;57;
G	70	GLY	0.06593168076651856	-0.28419092006580876	A	69	True	1.0	0.6203321250076513	62.102751731978486	74;75;
I	71	ILE	0.09414825535309732	0.15858715291908607	A	70	True	0.3060079323250518	0.21830436277877846	44.47615202898932	65;66;74;75;76;78;
T	72	THR	0.6814961318687338	0.9419512564793984	A	71	True	0.6657741699505954	0.4161757934728274	67.77863943046076	67;75;76;
E	73	GLU	1.298932118533085	1.3691338814766847	A	72	True	0.8386963019848813	0.5112829660916847	100.35441607128942	76;77;138;139;
D	74	ASP	1.530713982681129	1.232488227383072	A	73	True	1.0	0.8455265476425808	141.33737217738616	77;78;138;139;
N	75	ASN	0.5580611470796497	1.5900445025416738	A	74	True	0.35081284084000647	0.24294706246200357	43.068926392076605	69;70;78;79;138;
R	76	ARG	0.25773075997812034	2.1642331928394025	A	75	True	0.11392509432078138	0.11265880187642975	30.757294944929342	65;66;67;69;70;71;79;80;137;138;139;
Q	77	GLN	0.4228139795057356	1.186479234425561	A	76	True	0.28034135237263524	0.20418774380494936	42.550214299702645	70;71;72;80;81;118;137;138;139;
A	78	ALA	1.2878846761730947	1.2030757676823527	A	77	True	0.8356037826870668	0.5095820804778867	66.02328884220472	72;73;81;82;83;138;
R	79	ARG	0.30337826705420234	0.8923106977262946	A	78	True	0.31717862133542213	0.22444824173448213	61.27724293100783	64;65;66;67;70;73;74;82;83;138;
V	80	VAL	0.0	-0.10816136528208	A	79	True	0.0	0.0018370099223404073	0.32783132113293123	64;65;66;74;75;83;84;86;111;114;115;118;119;137;138;
D	81	ASP	0.28775924249211726	-0.41350722545890584	A	80	True	0.7312187639830685	0.45217032019068765	75.58433855275516	65;75;76;84;85;86;115;118;119;122;138;
A	82	ALA	0.9898047760295277	-0.10051108800372575	A	81	True	1.0	0.6507821473854777	84.31767783099308	65;76;77;85;86;
I	83	ILE	0.029841433621079057	-0.7025670916057702	A	82	True	0.12047530201118084	0.11626141610614946	23.686473105819918	52;53;54;64;65;77;78;86;87;115;
M	84	MET	0.0007480716368819482	-0.7554209096949328	A	83	True	0.0034720731055144284	0.05190964020803294	11.209367706522633	64;65;77;78;79;87;88;89;115;116;118;119;122;123;
P	85	PRO	-0.6170199179875684	-1.6907174736261859	A	84	True	0.901886081707307	0.5460373449390188	90.27040243170813	79;80;88;89;119;122;123;
T	86	THR	0.07137921893174641	-1.0846209472920818	A	85	True	0.4552585135856305	0.30039218247209676	48.92205107271516	0;2;53;64;80;81;89;90;91;
F	87	PHE	0.0	-0.7690636994439103	A	86	True	0.0	0.008386505057430023	1.927043584241719	50;52;53;64;79;80;81;82;90;91;92;115;116;118;119;
I	88	ILE	0.017393261461715697	-1.0793473116810162	A	87	True	0.06350259612005162	0.08492642786602839	17.302451810714146	82;83;91;92;115;116;119;120;122;123;126;
E	89	GLU	0.40159020869249035	-0.840956303650369	A	88	True	0.7285786955549463	0.4507182825552204	88.46680421262563	0;83;84;92;93;94;
T	90	THR	0.0	-1.1782647118216143	A	89	True	0.0	0.0381803503518487	6.21807476651229	0;1;2;19;50;83;84;85;93;94;95;
V	91	VAL	0.0	-1.1298693105661675	A	90	True	0.0	0.0	0.0	17;19;50;85;86;94;95;96;101;104;105;106;116;119;126;127;
R	92	ARG	0.459024477033962	-0.592621597761991	A	91	True	0.6951637652818845	0.4323400709050364	118.03437330998253	85;86;87;95;96;97;99;100;101;126;127;
Y	93	TYR	0.3303965112209979	-0.5673989439247124	A	92	True	0.4090881780647756	0.27499849793562653	67.67523285232193	0;1;86;87;88;96;97;98;
W	94	TRP	0.019801058373990623	-0.3490525565652242	A	93	True	0.0313530521784147	0.06724417869812808	18.134800127547628	17;18;19;46;48;50;88;89;97;98;99;100;104;
Q	95	GLN	0.04415546300625163	0.27547679026097116	A	94	True	0.10894202465314247	0.10991811355922836	22.90558287294641	16;17;18;19;46;88;89;90;98;99;100;101;103;104;126;127;
K	96	LYS	0.5646237404882681	-0.14523149745530128	A	95	True	1.0	0.6923834159196511	170.19005925998118	89;90;91;99;100;
Q	97	GLN	0.5498960423024635	-0.26341789546306504	A	96	True	0.8031035160310362	0.49170693381706987	102.4656770121914	14;46;90;91;92;
S	98	SER	0.10320616299501577	0.41503946117451546	A	97	True	0.15953195511690474	0.1377425753142976	18.668058392741315	9;13;14;15;16;17;45;46;47;91;92;93;
G	99	GLY	0.49226721900358483	0.2774586302999042	A	98	True	1.0	0.7044719285794102	70.52616416113477	13;14;15;16;17;92;93;94;
V	100	VAL	0.0	0.0029784780810435513	A	99	True	0.0	0.04758441453963217	8.491876551211126	13;14;15;16;17;45;46;91;93;94;95;103;104;
G	101	GLY	0.3081801872955632	-0.11441403248866568	A	100	True	0.595552315020632	0.37755377326134754	37.79770110411735	15;16;17;91;93;94;95;104;126;127;128;
A	102	ALA	0.1427176908559969	-0.358256827517208	A	101	True	0.39241572482230114	0.2658286486522656	34.441716702522676	16;17;90;91;94;105;106;125;126;127;128;129;147;148;
N	103	ASN	0.1739801000433279	-0.5574273486524769	A	102	True	0.8006908635961839	0.4903799749779011	86.93309082415736	16;17;125;126;127;128;129;147;148;226;227;228;
A	104	ALA	0.02113601729601574	-0.33616496188290823	A	103	True	0.11090345660453173	0.11099690113249244	14.381158099569799	14;15;16;17;18;45;94;99;127;128;129;226;228;230;
T	105	THR	-0.0	-0.9184058316909508	A	104	True	0.0	0.0052682251558198515	0.8579863098119146	15;16;17;18;19;45;46;90;93;94;99;100;125;126;127;128;129;130;148;
A	106	ALA	-7.004958017426042e-05	-0.7246849184907451	A	105	True	0.0004085140964096719	0.05022468275302532	6.507290706339872	16;17;18;19;20;47;90;101;116;126;127;128;129;130;131;148;149;150;204;
L	107	LEU	-0.0	-1.5339025099164818	A	106	True	0.0	0.0	0.0	17;18;19;20;21;90;101;112;113;115;116;117;119;120;126;127;128;129;130;131;132;150;
I	108	ILE	-0.0	-1.3819721966945404	A	107	True	0.0	0.0	0.0	18;19;20;21;22;31;34;35;49;112;113;115;116;117;129;130;131;132;133;151;200;
G	109	GLY	-0.0	-1.2016492101547191	A	108	True	0.0	0.0	0.0	19;20;21;22;23;31;49;112;113;114;115;116;117;130;131;132;133;134;135;
F	110	PHE	-0.17951990515496294	-1.0079282969545145	A	109	True	0.18622114484975189	0.15242162966736353	35.02330488550009	20;21;22;23;24;31;34;113;114;115;116;131;132;133;134;135;136;153;154;190;191;192;
S	111	SER	-0.011948339832628458	-0.7475502551366545	A	110	True	0.017073276429413173	0.05939030203617725	8.049084488540252	21;22;23;24;114;115;132;133;134;135;136;154;160;161;190;191;192;
Q	112	GLN	-0.0	-0.7475502551366534	A	111	True	0.0	0.022484853963190617	4.685567002225177	21;22;23;24;25;26;52;63;64;65;67;79;115;116;132;133;134;135;136;137;161;
G	113	GLY	-0.0	-1.1193161398802203	A	112	True	0.0	0.0	0.0	20;21;22;23;24;50;51;52;63;64;65;106;107;108;116;117;118;132;133;134;135;136;
A	114	ALA	-0.0	-1.0564300890015066	A	113	True	0.0	0.0	0.0	20;21;22;23;106;107;108;109;117;118;119;130;131;132;133;134;135;136;137;152;153;
I	115	ILE	-0.0	-1.4521419107845173	A	114	True	0.0	0.02404834005912268	4.899478942609336	21;23;64;79;108;109;110;118;119;132;133;134;135;136;137;138;139;
M	116	MET	-0.0	-0.9356944364416011	A	115	True	0.0	0.0	0.0	21;22;23;64;65;79;80;82;83;86;87;106;107;108;109;110;111;119;120;121;132;135;136;137;138;
V	117	VAL	-0.0	-0.9585352633729299	A	116	True	0.0	0.0	0.0	19;20;21;83;86;87;90;105;106;107;108;109;111;112;120;121;122;126;127;129;130;131;132;135;136;137;150;
L	118	LEU	-0.0	-1.3482937672387387	A	117	True	0.0	0.0016931125795467857	0.3520026766917415	106;107;108;112;113;121;122;130;131;132;135;136;137;138;140;141;150;151;152;169;
E	119	GLU	0.0	-0.49219057796308363	A	118	True	0.0	0.01503199189376374	2.950473356111189	76;79;80;83;86;112;113;114;122;123;124;136;137;138;139;140;141;
S	120	SER	0.0	-0.32343471085449477	A	119	True	0.0	0.0	0.0	79;80;83;84;86;87;90;106;113;114;115;123;124;125;126;127;
I	121	ILE	0.037642812327971925	0.761082021196322	A	120	True	0.037663223232084896	0.07071477277764669	14.407045945944738	87;106;115;116;124;125;126;127;128;129;130;141;144;145;147;148;150;
K	122	LYS	0.5301785748174819	1.3065888871650484	A	121	True	0.3686891859103777	0.2527790522507077	62.13389993619115	115;116;117;125;126;137;139;140;141;142;143;144;145;
A	123	ALA	0.7158302536082181	0.8875251188381117	A	122	True	0.749230313509835	0.46207667243040923	59.868317156104574	80;83;84;87;116;117;118;126;141;
E	124	GLU	0.23583192351721263	0.46307900067020663	A	123	True	0.4488594623268568	0.2968727042797712	58.270055646951775	83;84;87;118;119;127;
P	125	PRO	0.8320787679668259	0.858163257745283	A	124	True	0.8852056261177308	0.5368630943647519	88.75372358359584	118;119;120;128;143;144;145;146;147;148;
G	126	GLY	0.18395693232034305	0.5229412916234917	A	125	True	0.3576100141240511	0.2466855077682281	24.696204222243626	101;102;104;119;120;121;129;144;145;146;147;148;149;
L	127	LEU	0.0	1.0673925724646895	A	126	True	0.0	0.036331269103535194	7.553368941051547	87;90;91;94;100;101;102;104;105;106;116;119;120;121;122;147;148;
A	128	ALA	0.0	0.07836783400332283	A	127	True	0.0	0.0055173097314081725	0.714842511116276	17;18;90;91;94;100;101;102;103;104;105;106;116;119;120;123;147;148;149;150;
S	129	SER	-0.03405216385056178	-0.5742256433698977	A	128	True	0.07803155557556735	0.09291735556656204	12.592959115638362	100;101;102;103;104;105;106;120;124;146;147;148;149;150;209;
R	130	ARG	-0.008060957993228061	-0.7555610839904074	A	129	True	0.010570074132068917	0.05581354077263791	15.23781104425204	18;101;102;103;104;105;106;107;116;120;125;147;148;149;150;151;179;180;203;204;209;
V	131	VAL	-0.0	-1.016424833188863	A	130	True	0.0	0.0	0.0	18;19;104;105;106;107;108;113;116;117;120;148;149;150;151;152;180;200;203;204;
I	132	ILE	-0.0	-0.7368711541336375	A	131	True	0.0	0.0	0.0	20;105;106;107;108;109;113;116;117;135;149;150;151;152;153;181;197;199;200;201;203;204;
A	133	ALA	-0.0	-0.7098192665252129	A	132	True	0.0	0.01331077161462612	1.7245914891687728	21;106;107;108;109;110;111;112;113;114;115;116;117;136;150;151;152;153;154;166;182;200;
F	134	PHE	-0.0	-0.7098192665252129	A	133	True	0.0	0.0	0.0	23;107;108;109;110;111;112;113;114;151;152;153;154;155;166;183;190;191;192;196;197;200;
N	135	ASN	-0.0	-0.5934906894044021	A	134	True	0.0	0.0069547901801355946	1.2329243387638977	23;108;109;110;111;112;113;114;152;153;154;155;156;158;160;161;162;163;165;166;184;188;189;190;191;192;196;
G	136	GLY	-0.0	-0.20744782731250241	A	135	True	0.0	0.04138617871113643	4.143257261747161	23;108;109;110;111;112;113;114;115;116;117;131;152;153;154;155;160;161;162;163;165;166;169;190;
R	137	ARG	-0.0023591393517213926	-0.06641672996069194	A	136	True	0.03873732886706109	0.0713055308768836	19.46732264018445	109;110;111;112;113;114;115;116;117;118;132;140;152;154;161;162;163;164;165;166;167;168;169;
Y	138	TYR	-0.0	0.19296076252820057	A	137	True	0.0	0.032102077905457015	7.900099868195423	75;76;79;111;113;114;115;116;117;118;121;141;165;166;168;169;
A	139	ALA	0.008587251945794521	0.17450809081923058	A	138	True	0.04801290679504106	0.07640709873727258	9.89957877795649	72;73;74;75;76;77;78;79;80;114;115;117;118;165;
S	140	SER	0.47833737715524766	0.4757860149132668	A	139	True	0.6317579727087728	0.39746688498982496	53.868130469031996	72;73;75;76;114;118;121;165;169;
L	141	LEU	0.20159449817660546	-0.09592558086852468	A	140	True	0.6800558954544456	0.424030742499945	88.15713624874331	117;118;121;136;165;168;169;170;171;172;173;
P	142	PRO	0.002282992763337535	0.3106298942884813	A	141	True	0.006429709114230901	0.053536340012827	8.850579548214547	117;118;120;121;122;137;169;170;172;173;175;176;
E	143	GLU	0.5694036988830576	0.47494568009011756	A	142	True	1.0	0.8584310536438021	168.492503836784	121;172;173;175;176;
T	144	THR	0.3175627560892496	0.24893796557633446	A	143	True	1.0	0.6775306553924653	110.34304905561012	121;124;172;173;174;175;176;177;178;
A	145	ALA	0.2506217407684057	0.4994076293304411	A	144	True	0.39435597527426136	0.2668957864008437	34.57997891092435	120;121;124;125;148;172;173;174;175;176;177;178;179;180;
S	146	SER	0.16174618397488488	0.1034165503260413	A	145	True	0.5262364452232774	0.33943004487280254	46.00247877954811	120;121;124;125;149;173;176;177;178;179;210;211;
T	147	THR	-0.168242794870773	-0.5988035184917616	A	146	True	0.26611942247803905	0.19636568236292146	31.980232849034806	124;125;128;150;173;176;177;178;179;180;209;210;211;212;214;
A	148	ALA	-0.272192299545218	-0.9243929991294841	A	147	True	0.5731988859164754	0.36525938725406143	47.324321146430314	101;102;120;124;125;126;127;128;129;178;179;209;210;211;212;
T	149	THR	-0.0	-0.9111790600853235	A	148	True	0.0	0.011644266816417398	1.8963922802818272	101;102;104;105;120;124;125;126;127;128;129;130;144;178;179;180;209;210;211;
T	150	THR	-0.0	-1.3289370230601922	A	149	True	0.0	0.0026757870556668997	0.4357802853581447	105;125;127;128;129;130;131;145;178;179;180;181;203;204;207;208;209;210;211;
I	151	ILE	-0.0	-1.637929970441124	A	150	True	0.0	0.02711142147126007	5.523534608878582	105;106;116;117;120;127;128;129;130;131;132;146;170;173;178;179;180;181;182;203;209;
H	152	HIS	-0.0	-1.6068809508822008	A	151	True	0.0	0.0	0.0	107;117;129;130;131;132;133;170;179;180;181;182;183;199;200;203;204;207;
L	153	LEU	-0.0	-1.315797947940331	A	152	True	0.0	0.024478102865080953	5.089063676528066	113;117;130;131;132;133;134;135;136;166;167;169;170;180;181;182;183;184;196;199;200;
I	154	ILE	-0.0	-1.0135680196767347	A	153	True	0.0	0.006405299816682121	1.3049811960318052	109;113;131;132;133;134;135;163;166;181;182;183;184;185;192;195;196;197;199;200;
H	155	HIS	0.0	0.014241529778792898	A	154	True	0.0	0.01097392250076461	2.3281286324597126	109;110;132;133;134;135;136;158;161;162;163;164;165;166;167;182;183;184;185;186;188;189;190;191;192;196;
G	156	GLY	0.0	0.5957359769414672	A	155	True	0.0	0.001619770844468553	0.16215866075852023	133;134;135;159;161;162;163;166;183;184;185;186;187;188;189;190;191;192;193;196;
G	157	GLY	0.6565063594323072	1.1879360745356462	A	156	True	0.4470796282575843	0.29589379554167133	29.622549248647353	134;162;163;164;183;184;185;186;187;188;189;190;
E	158	GLU	1.0651440655795534	1.1171094531995027	A	157	True	0.9822557969663533	0.5902406883314943	115.85220620943038	161;162;163;184;185;186;187;188;189;190;191;
D	159	ASP	0.025162761853184674	0.7195866182246007	A	158	True	0.05148211661471811	0.07831516413809496	13.091084522159814	134;154;162;163;164;185;186;187;188;189;190;191;
P	160	PRO	1.1503345574968036	1.0917159401205445	A	159	True	1.0	0.6966698433082843	115.17283149286658	155;163;188;189;190;
V	161	VAL	0.7425933730628108	0.6277086070387243	A	160	True	0.9365830218908189	0.5651206620399504	100.85098125111992	110;134;135;189;190;191;
I	162	ILE	0.0006681894530911342	-0.016411320115046396	A	161	True	0.05081249586600677	0.07794687272630373	15.880474936144399	110;111;134;135;136;154;155;157;165;166;189;190;
D	163	ASP	-0.01388907623201521	-0.5831670549078841	A	162	True	0.8302786004021101	0.5066532302211605	84.69164731053897	134;135;136;154;155;156;157;158;166;167;189;190;
L	164	LEU	-0.13155773476473084	-0.8972778848952373	A	163	True	0.24079118036462055	0.1824351492005413	37.92876009369538	134;135;136;153;154;155;156;157;158;159;167;168;169;184;189;190;
A	165	ALA	-0.2744983924807742	-0.9250213434737542	A	164	True	0.769046482184401	0.4729755652014205	61.28041693953077	136;154;156;158;168;169;170;
H	166	HIS	-0.10559248647707527	-0.5678366324925446	A	165	True	0.43848741094732585	0.2911680760210292	61.77159849593737	134;135;136;137;138;139;140;154;161;169;170;171;
A	167	ALA	-0.0	-1.1312097730727535	A	166	True	0.0	0.013736453109696867	1.7797443161235211	132;133;134;135;136;137;152;153;154;155;161;162;170;171;172;182;183;184;
V	168	VAL	-0.3490203932957605	-0.7700357539419749	A	167	True	0.4472548979876785	0.2959901938932231	52.82217321002948	136;152;154;162;163;171;172;173;182;183;184;
A	169	ALA	0.03912247591921858	-0.15972816693077405	A	168	True	0.36590515727524014	0.25124783650138205	32.552574189330464	136;137;140;163;164;172;173;174;
A	170	ALA	0.0	-0.1594419408630668	A	169	True	0.0	0.0023790790145468343	0.3082420418091402	117;135;136;137;139;140;141;152;163;164;165;173;174;175;180;182;
Q	171	GLN	-0.017140983120610766	-0.40991160461717235	A	170	True	0.2783168166658838	0.20307424916623606	42.31817571297885	140;141;150;151;152;164;165;166;174;175;176;178;179;180;181;182;
E	172	GLU	-0.1297705707345936	-0.3167911326375806	A	171	True	0.8772902759564957	0.5325096517760726	104.52078144674681	140;165;166;167;175;176;177;178;180;182;
A	173	ALA	0.024865434937448288	-0.16486081941563815	A	172	True	0.16470960049903352	0.14059028027446843	18.21538283736912	140;141;142;143;144;166;167;168;176;177;178;180;
L	174	LEU	0.0	-0.16931958954432824	A	173	True	0.0	0.022995288267009122	4.780782517989517	140;141;142;143;144;145;146;150;167;168;169;177;178;179;180;181;
I	175	ILE	0.19642286385328347	-0.09534442670397451	A	174	True	0.8355683006440068	0.5095625653542036	103.81552542741254	143;144;168;169;170;178;179;180;181;
S	176	SER	-0.3750827595460473	-0.5077200398378761	A	175	True	1.0	0.7523239326371147	101.96140933680248	141;142;143;144;169;170;171;
A	177	ALA	-0.02874936839838634	0.05144204006523603	A	176	True	0.34631170967031666	0.24047144031867415	31.156345504872572	141;142;143;144;145;146;170;171;172;
G	178	GLY	-0.019402539481845858	-0.1454209657223328	A	177	True	0.5659835635515146	0.361290959953333	36.16959671194407	143;144;145;146;171;172;173;210;
G	179	GLY	-0.005622488456198526	-0.16622299284103467	A	178	True	0.03611692952171705	0.06986431123694438	6.994262912984099	143;144;145;146;147;148;149;150;170;171;172;173;174;210;211;
D	180	ASP	-0.07348159023071361	-0.5619348146240475	A	179	True	0.10939386808869625	0.11016662744878293	18.415343277711106	129;144;145;146;147;148;149;150;151;170;173;174;209;210;211;
V	181	VAL	-0.026846531169126202	0.019273406470923966	A	180	True	0.10866199997165281	0.10976409998440904	19.588413471937653	129;130;144;146;148;149;150;151;152;169;170;171;172;173;174;209;210;
T	182	THR	-0.15577712581928815	-0.5237055152594855	A	181	True	0.31157589093117877	0.22136674001214832	36.051920098422485	131;149;150;151;152;153;170;173;174;203;207;
L	183	LEU	-0.24434555986563114	-1.1915117187735071	A	182	True	0.2018657212584826	0.16102614669216542	33.47777066789726	132;150;151;152;153;154;166;167;169;170;171;199;
D	184	ASP	-0.11257563511733845	-1.1279807390857204	A	183	True	0.18320470818488174	0.15076258950168495	25.20132369851215	133;151;152;153;154;155;156;166;167;195;196;199;200;
I	185	ILE	0.45335732318940397	-0.05584298496855116	A	184	True	0.5896847318900793	0.3743266025395436	76.2632806377529	134;152;153;154;155;156;157;163;166;167;188;195;196;199;
V	186	VAL	0.0	0.12889497269544822	A	185	True	0.0	0.023402845427271418	4.176453072674516	153;154;155;156;157;158;189;192;193;195;196;199;
E	187	GLU	1.11594571841988	0.5561174522155746	A	186	True	1.0	0.6681745125754447	131.14902605850324	154;155;156;157;158;195;196;
D	188	ASP	0.564690827554438	0.01140785861459396	A	187	True	1.0	0.6892542910516205	115.21505803789782	155;156;157;158;
L	189	LEU	0.036342631272387044	0.38580837648158073	A	188	True	0.048167504784028974	0.07649212763121593	15.902919863274397	134;154;155;156;157;158;159;184;192;193;195;196;
G	190	GLY	0.35874082101588234	0.4364466775128179	A	189	True	0.3554452552941383	0.24549489041177602	24.57700901839276	134;154;155;156;157;158;159;160;161;162;163;185;193;
H	191	HIS	0.21701811712007016	0.3403419049404352	A	190	True	0.28599084770387945	0.2072949662371337	43.97783438217415	109;110;133;134;135;154;155;156;157;158;159;160;161;162;163;
A	192	ALA	0.057398318398135924	0.03980205543286116	A	191	True	0.4973938938519599	0.3235666416185779	41.92245892801278	109;110;133;134;154;155;157;158;160;196;
I	193	ILE	0.21048536489070896	0.804626301659507	A	192	True	0.2531925801378777	0.18925591907583272	38.55797897054715	34;109;110;133;134;153;154;155;185;188;196;197;
D	194	ASP	0.2612759255773996	0.713665375539855	A	193	True	0.34335545892444325	0.23884550240844377	39.92517533709305	34;155;185;188;189;197;198;
N	195	ASN	0.5186238332473327	0.48921339843874756	A	194	True	0.9696557431164085	0.5833106587140247	103.40756364484615	37;198;199;200;
R	196	ARG	0.4056626818523745	0.5999177538154195	A	195	True	0.6425146837331435	0.4033830760532289	110.12874306590497	153;183;184;185;186;188;199;200;201;
S	197	SER	0.0	0.48218234122837295	A	196	True	0.0	0.007065030703095726	0.9575137201475794	133;134;152;153;154;155;183;184;185;186;188;191;192;200;201;
M	198	MET	0.0	-0.01951114590495361	A	197	True	0.0	0.008783439430747183	1.8966959106755468	34;37;38;131;133;153;192;193;201;202;203;
Q	199	GLN	-0.11835657472107412	-0.5883010178887311	A	198	True	0.6984293988325568	0.4341361693579062	90.46863781930455	37;193;194;202;203;204;
F	200	PHE	-0.21125131543954528	-0.6145861330656084	A	199	True	0.5004083699918929	0.32522460349554105	74.72981668906228	131;151;152;153;182;183;184;185;194;195;203;204;205;
A	201	ALA	-0.0	-0.7108203362950344	A	200	True	0.0	0.0	0.0	37;38;107;130;131;132;133;151;152;153;183;194;195;196;204;205;
L	202	LEU	-0.0	-0.7820064812478069	A	201	True	0.0	0.04937942294872714	10.266115355482334	37;38;41;42;131;195;196;197;205;206;207;
D	203	ASP	-0.3036816649316357	-0.7004722356521619	A	202	True	0.4261583875098773	0.28438711313043247	47.53786544376996	197;198;206;207;
H	204	HIS	-0.09817803107427675	-0.5797170382287994	A	203	True	0.1477955527121288	0.13128755399167083	27.852785866886958	129;130;131;149;150;151;181;197;198;199;207;208;209;
L	205	LEU	-0.0	-0.6537944395206401	A	204	True	0.0	0.01754045898315411	3.6467087818369937	38;41;42;105;129;130;131;149;151;198;199;200;208;209;230;
R	206	ARG	-0.3910873061337675	-0.7382156361042927	A	205	True	0.46004960539718015	0.30302728296844905	82.7303269996086	41;42;199;200;201;229;230;231;
Y	207	TYR	-0.8932601492929421	-0.9158899151865129	A	206	True	0.9165038469624979	0.5540771158293738	136.35455507350966	201;202;230;231;
T	208	THR	-0.12310287419927865	-0.3832444348591856	A	207	True	0.289553917853282	0.20925465481930505	34.079338636664914	149;151;181;201;202;203;230;
I	209	ILE	0.013508485852939687	-0.0903311167728383	A	208	True	0.8681862081875481	0.5275024145031514	107.47049341783375	149;203;204;212;213;230;
P	210	PRO	-0.0	-0.7460983667687581	A	209	True	0.0	0.030822399573804064	5.095531357381671	128;129;146;147;148;149;150;179;180;203;204;213;214;
K	211	LYS	-0.4961469503246875	-0.9437673489120272	A	210	True	0.4852017558222013	0.3168609657022107	77.88543932469364	145;146;147;148;149;177;178;179;180;214;215;
H	212	HIS	-0.11525314465716328	-0.4138227090317316	A	211	True	0.2327536947318889	0.17801453210253887	37.765961000085724	145;146;147;148;149;178;179;215;216;217;
Y	213	TYR	0.30564766231567675	0.619560303084657	A	212	True	0.42776625303571814	0.2852714391696449	70.20333280671935	146;147;208;216;217;218;220;222;226;227;
F	214	PHE	0.32986489289787585	0.4070103482508059	A	213	True	0.7609597636925218	0.468527870030887	107.65791230061419	208;209;217;218;
D	215	ASP	-0.06669816623363577	-0.2986570755914186	A	214	True	0.5920750547611768	0.3756412801186472	62.79182074335295	146;209;210;218;219;220;
E	216	GLU	0.3106554563137212	-0.1611792486716077	A	215	True	0.6069136988566557	0.3838025343711606	75.33260792535765	210;211;219;220;221;222;
A	217	ALA	0.6059057423916631	0.40268385030129694	A	216	True	0.8850858499206953	0.5367972174563823	69.54937996363174	211;212;220;221;222;
L	218	LEU	0.7795373322710433	1.0761552213758399	A	217	True	1.0	0.7432882825855041	154.53164082788928	211;212;213;221;
S	219	SER	0.814249828748365	0.9297087306124933	A	218	True	1.0	0.6692089873776278	90.69695716670758	212;213;214;
G	220	GLY	0.6124664657818666	0.6388377267979121	A	219	True	1.0	0.6593479386733047	66.00870677125575	214;215;
G	221	GLY	0.5017611350219511	0.8370174101268057	A	220	True	0.6251081899759996	0.39380950448679974	39.425096494132944	212;214;215;216;
K	222	LYS	1.6374713191308887	1.5985935201748056	A	221	True	1.0	0.7934579232116626	195.03449659078095	215;216;217;
P	223	PRO	2.170175786377623	2.0649039910611227	A	222	True	0.8706241947726805	0.5288433071249742	87.42789957492431	212;215;216;226;227;
G	224	GLY	1.4104269996519938	2.503543300710029	A	223	True	0.534645180058488	0.3440548490321684	34.444053451793344	227;
D	225	ASP	1.9624683200430724	1.9131463008191028	A	224	True	1.0	0.9100842401109311	152.12877149270312	228;
D	226	ASP	1.2996101999774077	1.095933495443692	A	225	True	1.0	0.8175234897895085	136.65640902972444	
D	227	ASP	1.280636569296601	1.4401858860767596	A	226	True	0.6892653530428486	0.4290959441735667	71.72724893210923	102;103;212;222;
V	228	VAL	1.5189464351010793	1.0654474879140678	A	227	True	0.9194478758435972	0.5556963317139785	99.16912280061123	102;212;222;223;
I	229	ILE	0.11998238438342884	0.2803086575841734	A	228	True	0.34823220284047407	0.24152771156226074	49.20755170405257	15;16;102;103;224;
E	230	GLU	-0.09660353718773518	-0.3658912091377114	A	229	True	1.0	0.6074557726233178	119.23117606819577	15;205;
M	231	MET	-0.4760287346281476	-1.2131767426140394	A	230	True	0.40056213616222786	0.2703091748892253	58.3705632255793	15;16;41;42;103;204;205;206;207;208;
M	232	MET	-0.23147548975998197	-0.646568574935029	A	231	True	1.0	0.7701263682262445	207.97505163755721	41;42;205;206;
